4136
1270.000000
0.445313 0.467176 0.438502 0.436484 0.514243 0.477558 0.471882 0.439067 0.487136 0.485998 0.415268 0.467425 0.451848 0.487973 0.475247 0.468474 0.467431 0.532456 0.440803 0.468177 0.544199 0.568342 0.527071 0.588393 0.538791 0.482590 0.503955 0.468771 0.458571 0.453907 0.550948 0.517198 0.489004 0.431061 0.422591 0.507665 0.462155 0.476929 0.441554 0.489333 0.473927 0.525670 0.521164 0.569864 0.462002 0.528630 0.538969 0.497534 0.506867 0.524306 0.504023 0.452617 0.528906 0.483944 0.538338 0.547051 0.533672 0.502180 0.469699 0.493876 0.456216 0.578313 0.455973 0.463850 0.573148 0.534764 0.524573 0.526298 0.507141 0.512117 0.515996 0.433928 0.507154 0.556696 0.560779 0.569138 0.434148 0.515031 0.495807 0.550447 0.454275 0.456997 0.496691 0.423415 0.519551 0.549073 0.512342 0.504502 0.441916 0.481536 0.505145 0.453321 0.502229 0.560141 0.506740 0.493771 0.538799 0.501572 0.502201 0.528000 0.539558 0.458991 0.498708 0.453582 0.526930 0.456701 0.491952 0.441643 0.434862 0.554177 0.463687 0.563082 0.529632 0.523073 0.535633 0.501637 0.544724 0.467194 0.554704 0.519258 0.489897 0.493304 0.454828 0.453283 0.544201 0.483720 0.554304 0.434956 0.518157 0.485583 0.541744 0.522597 0.555361 0.506103 0.518545 0.577829 0.468283 0.499116 0.520101 0.555112 0.544290 0.474908 0.488098 0.493916 0.541174 0.450962 0.507370 0.466328 0.555262 0.545953 0.555716 0.533173 0.515510 0.520679 0.476716 0.484623 0.512582 0.502781 0.475018 0.519752 0.511041 0.500893 0.532766 0.492891 0.517906 0.475890 0.470255 0.586171 0.484424 0.542009 0.483327 0.540626 0.494024 0.489735 0.527539 0.581586 0.572730 0.532365 0.537882 0.513675 0.504339 0.501377 0.559639 0.516611 0.528166 0.525067 0.572574 0.541401 0.453906 0.537569 0.510656 0.517420 0.572643 0.515495 0.531093 0.474646 0.469477 0.480185 0.538354 0.478947 0.445652 0.522412 0.479812 0.492083 0.471863 0.510486 0.437896 0.539640 0.492935 0.494309 0.472199 0.515877 0.473729 0.483407 0.442180 0.456938 0.540099 0.481841 0.564978 0.512937 0.432871 0.469453 0.468480 0.441298 0.486540 0.480015 0.472170 0.507561 0.505968 0.476980 0.482328 0.437585 0.443019 0.495500 0.506055 0.499461 0.516275 0.446899 0.468306 0.526325 0.483993 0.520559 0.507931 0.499458 0.551798 0.496769 0.485901 0.496644 0.537474 0.514853 0.448534 0.547046 0.449702 0.517313 0.538708 0.510923 

10316
1397.000000
0.456206 0.470910 0.469418 0.423953 0.509622 0.476585 0.524066 0.492460 0.533490 0.548284 0.544618 0.515968 0.510831 0.464870 0.558581 0.443144 0.550623 0.518874 0.504927 0.492870 0.561160 0.529975 0.568283 0.497615 0.521017 0.543078 0.515404 0.514256 0.477062 0.532786 0.466192 0.527396 0.473374 0.558480 0.528076 0.524491 0.560994 0.466773 0.534966 0.547236 0.517357 0.493951 0.552269 0.516835 0.514178 0.500659 0.486922 0.538534 0.513799 0.451993 0.517783 0.460609 0.469025 0.461434 0.506733 0.463858 0.474731 0.559069 0.530997 0.454210 0.470358 0.471217 0.497407 0.479926 0.546258 0.493827 0.493459 0.484656 0.528326 0.519926 0.551469 0.550445 0.514050 0.486342 0.536673 0.448970 0.520314 0.548800 0.533769 0.430109 0.533339 0.524322 0.536652 0.527862 0.519795 0.512818 0.524957 0.526797 0.494177 0.500808 0.526497 0.495355 0.459836 0.533402 0.483285 0.482471 0.555656 0.494476 0.457294 0.505893 0.540146 0.463481 0.567290 0.502776 0.452430 0.485271 0.511717 0.552821 0.512944 0.470825 0.556818 0.549238 0.499628 0.500015 0.469247 0.479640 0.547738 0.538480 0.434831 0.466405 0.492346 0.494523 0.481730 0.453124 0.474651 0.508632 0.501291 0.519025 0.532651 0.504596 0.488361 0.525197 0.540870 0.521674 0.455316 0.482318 0.554597 0.443981 0.494702 0.544610 0.505719 0.457626 0.471642 0.460634 0.482426 0.540372 0.489024 0.493503 0.476760 0.431330 0.525254 0.529928 0.510717 0.548143 0.537530 0.428532 0.495865 0.575444 0.469659 0.501569 0.572324 0.555265 0.541360 0.548815 0.469712 0.504541 0.530265 0.504288 0.567045 0.525418 0.544059 0.515973 0.434548 0.459819 0.455566 0.440108 0.480270 0.515151 0.465723 0.543697 0.532411 0.560048 0.574222 0.506207 0.424660 0.563861 0.509717 0.496434 0.447739 0.526244 0.496848 0.534352 0.559966 0.543373 0.450755 0.460833 0.495856 0.526738 0.466222 0.564862 0.519491 0.482755 0.540681 0.548703 0.525715 0.509843 0.442063 0.530327 0.525135 0.492167 0.525445 0.454254 0.504613 0.464286 0.434975 0.521844 0.556078 0.452855 0.579234 0.536396 0.566256 0.516627 0.512390 0.516780 0.526145 0.496792 0.524602 0.514518 0.558657 0.460516 0.473478 0.528719 0.531433 0.558858 0.534977 0.450831 0.534607 0.473760 0.491599 0.472256 0.489155 0.537979 0.444259 0.500497 0.549652 0.459595 0.476485 0.535969 0.513613 0.464177 0.490910 0.562307 0.528167 0.530168 0.493059 0.450370 

12623
1797.000000
0.494104 0.561921 0.534864 0.483810 0.467236 0.462002 0.483538 0.467490 0.501300 0.562023 0.517269 0.546651 0.499163 0.519057 0.528164 0.529572 0.548969 0.543908 0.469895 0.452830 0.543921 0.564460 0.525744 0.534968 0.484406 0.582812 0.508188 0.499611 0.466034 0.489247 0.464543 0.497158 0.535311 0.504844 0.529386 0.513886 0.508108 0.521091 0.522756 0.497738 0.504176 0.435913 0.430775 0.470650 0.478951 0.492003 0.520028 0.507161 0.541331 0.551744 0.480243 0.557493 0.500281 0.541309 0.491143 0.560263 0.519438 0.470296 0.445267 0.538274 0.470082 0.469674 0.507688 0.475511 0.485029 0.459938 0.488892 0.505262 0.529879 0.519248 0.454476 0.505608 0.553114 0.508082 0.501905 0.489100 0.524252 0.480743 0.497478 0.511382 0.511670 0.489888 0.463432 0.482006 0.509544 0.464953 0.520692 0.562700 0.563656 0.452181 0.536694 0.433066 0.461534 0.523596 0.442278 0.459235 0.485096 0.531379 0.444288 0.469005 0.566342 0.548505 0.532438 0.495539 0.512204 0.525865 0.498960 0.505604 0.529979 0.537283 0.464242 0.538341 0.558276 0.515455 0.527085 0.552549 0.477976 0.485817 0.494566 0.498358 0.449643 0.512325 0.527582 0.467986 0.528452 0.437515 0.455305 0.447044 0.486528 0.490338 0.541204 0.465244 0.462845 0.554319 0.470521 0.462456 0.465630 0.536637 0.474349 0.539686 0.528427 0.505335 0.495585 0.497347 0.491085 0.557921 0.523944 0.448751 0.472747 0.477854 0.463705 0.457712 0.534381 0.494108 0.539578 0.460099 0.511645 0.466129 0.509549 0.487355 0.529207 0.489764 0.490631 0.529159 0.515065 0.504323 0.500588 0.450037 0.474111 0.454583 0.552640 0.450440 0.464435 0.476534 0.446897 0.470641 0.532832 0.461502 0.492436 0.535573 0.517451 0.521717 0.493693 0.504801 0.541585 0.433025 0.491902 0.527523 0.546488 0.454011 0.436720 0.505429 0.526796 0.557925 0.496463 0.448629 0.481971 0.523515 0.524447 0.520608 0.467072 0.473317 0.466579 0.467653 0.463849 0.496688 0.455924 0.560722 0.486597 0.492959 0.509770 0.553960 0.454195 0.521483 0.469863 0.528914 0.450949 0.463171 0.493662 0.455831 0.546196 0.456226 0.488818 0.463912 0.437460 0.472510 0.479925 0.497883 0.538642 0.518726 0.450853 0.460020 0.450067 0.491047 0.479132 0.457794 0.448187 0.467263 0.435934 0.548077 0.489097 0.493884 0.559888 0.528613 0.511959 0.453781 0.543362 0.459642 0.484580 0.486522 0.540515 0.457749 0.550565 0.515914 0.557797 0.540958 

13345
949.000000
0.432321 0.470432 0.470197 0.530449 0.495083 0.550964 0.505392 0.551216 0.461784 0.462783 0.535839 0.516804 0.478283 0.553152 0.459324 0.497535 0.498913 0.434855 0.479235 0.484674 0.460216 0.565925 0.518577 0.462969 0.529708 0.457654 0.467502 0.497775 0.454660 0.417276 0.556180 0.504527 0.510488 0.446884 0.522712 0.554315 0.447868 0.531119 0.533531 0.466005 0.505538 0.466692 0.552390 0.501987 0.473506 0.506051 0.553195 0.466388 0.511524 0.469581 0.485413 0.460906 0.510044 0.454861 0.485580 0.465885 0.505277 0.561467 0.521442 0.476968 0.525348 0.497544 0.492475 0.484855 0.431209 0.529810 0.557897 0.452190 0.501834 0.563599 0.435220 0.455640 0.524232 0.528455 0.467287 0.590190 0.457396 0.473535 0.526136 0.462553 0.502676 0.492086 0.549534 0.538966 0.460168 0.465518 0.492694 0.568224 0.483989 0.540870 0.467422 0.531291 0.532577 0.580009 0.499228 0.465655 0.577762 0.429835 0.478183 0.536607 0.563316 0.509000 0.523981 0.465786 0.446908 0.526753 0.530717 0.524118 0.513111 0.542967 0.485918 0.491989 0.455149 0.524484 0.431972 0.545339 0.485519 0.510666 0.526782 0.565302 0.565022 0.530107 0.522528 0.454664 0.528860 0.577377 0.451158 0.486223 0.467450 0.441003 0.438700 0.430975 0.483036 0.493731 0.478979 0.477129 0.501139 0.545387 0.515311 0.422231 0.543194 0.510846 0.497942 0.441918 0.447719 0.563971 0.487420 0.528672 0.503914 0.489674 0.540256 0.523243 0.492271 0.430375 0.562975 0.551439 0.519091 0.509749 0.588371 0.482125 0.533296 0.443753 0.480388 0.551358 0.562366 0.474393 0.531067 0.505713 0.566135 0.447807 0.521343 0.515163 0.512838 0.449027 0.538491 0.494355 0.449576 0.517013 0.494426 0.482301 0.477755 0.458677 0.552239 0.436748 0.518662 0.520761 0.498295 0.457969 0.441365 0.510993 0.449590 0.486102 0.584633 0.450656 0.499181 0.474005 0.484107 0.461165 0.518189 0.502562 0.475696 0.440805 0.438475 0.420848 0.433930 0.537545 0.559822 0.552337 0.512560 0.446851 0.433490 0.519756 0.502976 0.524284 0.521332 0.443939 0.490346 0.480081 0.513079 0.473639 0.519995 0.457077 0.490735 0.516319 0.455049 0.465719 0.544426 0.483221 0.451215 0.477648 0.541929 0.548277 0.491784 0.437153 0.502936 0.554262 0.463362 0.521823 0.436852 0.549766 0.512445 0.563714 0.544081 0.479511 0.535089 0.522471 0.463649 0.483972 0.509566 0.494561 0.484510 0.502009 0.516023 0.503571 0.552671 0.533961 

13598
1071.000000
0.497371 0.439318 0.490377 0.471303 0.454851 0.464342 0.510021 0.524779 0.520233 0.522746 0.479373 0.560736 0.498167 0.464260 0.471144 0.516403 0.544797 0.449791 0.436018 0.541569 0.513039 0.526318 0.507695 0.582032 0.465561 0.537417 0.504811 0.456436 0.497246 0.521134 0.551329 0.486656 0.524593 0.521045 0.523212 0.490015 0.513525 0.441250 0.491409 0.461343 0.529591 0.568334 0.557404 0.439825 0.483555 0.473478 0.515075 0.546594 0.533561 0.457738 0.482375 0.565364 0.501482 0.506938 0.458765 0.513014 0.463190 0.544166 0.516953 0.486477 0.505053 0.498528 0.502972 0.452973 0.476138 0.583775 0.546610 0.532407 0.558498 0.492804 0.531935 0.480579 0.575432 0.516761 0.460484 0.518577 0.436677 0.541904 0.499265 0.549223 0.532165 0.547932 0.569750 0.488701 0.543366 0.507078 0.535327 0.535067 0.475104 0.413098 0.466972 0.513923 0.455660 0.461969 0.571757 0.457084 0.442652 0.519970 0.462002 0.489634 0.491013 0.564027 0.435488 0.550102 0.567441 0.497801 0.446152 0.476983 0.460577 0.497970 0.485130 0.567842 0.501715 0.480801 0.544002 0.494820 0.464579 0.526254 0.475316 0.483692 0.457018 0.501760 0.520688 0.495338 0.507759 0.426848 0.456646 0.507019 0.471336 0.517327 0.474048 0.510815 0.435048 0.456334 0.473112 0.556764 0.554055 0.543982 0.527155 0.466068 0.465371 0.457860 0.445709 0.578055 0.462601 0.476792 0.507567 0.462246 0.521734 0.464149 0.446738 0.526108 0.483733 0.532864 0.515734 0.402161 0.498020 0.557183 0.488075 0.495612 0.509372 0.533189 0.481679 0.581849 0.475678 0.516958 0.553022 0.459369 0.451515 0.532084 0.515742 0.436138 0.433281 0.565800 0.527361 0.463054 0.515330 0.456144 0.444990 0.536383 0.488557 0.477339 0.451790 0.444659 0.464252 0.544333 0.500565 0.453913 0.517924 0.532560 0.453984 0.480367 0.547314 0.442445 0.499604 0.492087 0.464529 0.473334 0.505298 0.536454 0.542794 0.441333 0.529240 0.524111 0.546644 0.492646 0.511455 0.446415 0.515798 0.547642 0.439834 0.493958 0.497280 0.457409 0.502748 0.471655 0.478089 0.480735 0.483300 0.553095 0.460695 0.546124 0.475304 0.464202 0.490464 0.513910 0.473984 0.477854 0.531439 0.521215 0.520006 0.548508 0.497572 0.435756 0.511959 0.463045 0.482789 0.513011 0.511078 0.558694 0.513799 0.517581 0.474141 0.487162 0.580405 0.552477 0.556106 0.552883 0.478331 0.489138 0.503903 0.451685 0.464109 0.456054 0.539174 0.447889 

15638
3412.000000
0.538082 0.491051 0.498361 0.477166 0.539810 0.547520 0.532097 0.489966 0.481647 0.492362 0.483908 0.449643 0.530190 0.542149 0.517198 0.504013 0.468568 0.483449 0.482429 0.470498 0.527258 0.557464 0.516809 0.549390 0.493892 0.470158 0.455582 0.547289 0.477182 0.512347 0.464647 0.504273 0.481043 0.538066 0.518140 0.524254 0.482630 0.458933 0.509347 0.462954 0.516248 0.450120 0.509021 0.510411 0.507254 0.486219 0.500651 0.471731 0.506635 0.502737 0.517110 0.477827 0.451432 0.496669 0.552061 0.455983 0.461593 0.461296 0.453774 0.510439 0.482171 0.493100 0.457184 0.478334 0.467671 0.502647 0.502790 0.559345 0.461511 0.461593 0.535690 0.476870 0.491564 0.498040 0.454440 0.453334 0.515816 0.461360 0.518370 0.492684 0.507709 0.467052 0.526101 0.511720 0.484585 0.495224 0.472077 0.464409 0.462353 0.446320 0.542371 0.509848 0.500693 0.510137 0.478060 0.530663 0.527282 0.459543 0.540169 0.540217 0.466124 0.469196 0.494869 0.467616 0.490304 0.520645 0.488804 0.499873 0.529235 0.494753 0.467912 0.495831 0.496299 0.526813 0.456168 0.497614 0.472824 0.511042 0.464069 0.485528 0.505851 0.493271 0.541990 0.476473 0.492601 0.485509 0.505442 0.473482 0.526839 0.515071 0.481199 0.519575 0.527717 0.455752 0.524888 0.537754 0.440040 0.510808 0.510694 0.500211 0.457936 0.524623 0.544311 0.546399 0.528184 0.506922 0.528759 0.538048 0.495476 0.483561 0.496812 0.479232 0.441126 0.516659 0.468104 0.500381 0.458776 0.533275 0.488858 0.485040 0.510750 0.470585 0.482399 0.467669 0.526421 0.451225 0.453863 0.460052 0.516418 0.456918 0.460315 0.500076 0.500022 0.517102 0.517806 0.478114 0.466785 0.484711 0.550963 0.455452 0.490321 0.473238 0.474834 0.486366 0.444413 0.455490 0.475524 0.491221 0.533818 0.556170 0.481330 0.487163 0.519481 0.521644 0.523266 0.552385 0.486814 0.493838 0.534391 0.520462 0.474557 0.532017 0.472559 0.450455 0.520739 0.532854 0.505984 0.480524 0.494202 0.469804 0.463048 0.439249 0.510058 0.540807 0.515869 0.480468 0.525192 0.540776 0.480720 0.462223 0.518186 0.539077 0.477257 0.524808 0.532334 0.561473 0.453359 0.531600 0.524085 0.534920 0.500445 0.473430 0.537679 0.513399 0.528817 0.519415 0.516748 0.478515 0.444946 0.498327 0.504621 0.463199 0.525304 0.489849 0.523029 0.535429 0.475238 0.457248 0.493879 0.540568 0.530269 0.507452 0.449732 0.522646 0.456331 0.487241 

16311
8944.000000
0.490250 0.492438 0.492822 0.540549 0.483182 0.484976 0.518963 0.495408 0.514299 0.501246 0.530662 0.516626 0.494711 0.477266 0.518929 0.501568 0.506266 0.537747 0.505083 0.510316 0.487203 0.472026 0.484355 0.475932 0.498464 0.482850 0.501524 0.480932 0.533255 0.526517 0.505095 0.523777 0.477601 0.481926 0.524131 0.462854 0.489383 0.525276 0.517825 0.513902 0.490747 0.528531 0.493391 0.508894 0.508536 0.513639 0.508841 0.477194 0.496695 0.503170 0.515263 0.481068 0.529512 0.520030 0.509598 0.505812 0.506735 0.490618 0.552498 0.461869 0.504025 0.473292 0.520605 0.521596 0.490410 0.498154 0.521515 0.509750 0.503772 0.483631 0.491097 0.526827 0.492527 0.522612 0.493618 0.524231 0.501782 0.503792 0.466737 0.476596 0.487438 0.516518 0.467815 0.479983 0.478509 0.497604 0.479869 0.484576 0.464961 0.526361 0.493349 0.498429 0.492099 0.468597 0.523134 0.504740 0.513764 0.525386 0.518239 0.495416 0.467277 0.476727 0.481526 0.476884 0.489356 0.502405 0.519953 0.505097 0.505911 0.495084 0.500421 0.477707 0.499714 0.475919 0.492772 0.472757 0.474487 0.475959 0.513552 0.483889 0.489589 0.480006 0.512958 0.522701 0.477223 0.467260 0.529728 0.532441 0.497243 0.520017 0.524743 0.490360 0.503672 0.497697 0.496358 0.467791 0.497160 0.483169 0.489781 0.502649 0.484874 0.518437 0.511945 0.500109 0.509137 0.513835 0.494227 0.510072 0.474649 0.536290 0.534642 0.499799 0.542543 0.493726 0.490185 0.515446 0.522935 0.460190 0.477595 0.478734 0.461911 0.479976 0.520173 0.489850 0.493864 0.525968 0.504781 0.498114 0.482764 0.498677 0.494835 0.480579 0.504337 0.486149 0.524097 0.511140 0.516741 0.527714 0.512396 0.493520 0.495981 0.495896 0.505834 0.528858 0.536405 0.518166 0.468316 0.507902 0.499357 0.460893 0.480548 0.500945 0.479613 0.492714 0.508870 0.497631 0.501797 0.498049 0.531088 0.483339 0.507329 0.478523 0.522412 0.534184 0.486546 0.472817 0.500872 0.459504 0.493318 0.492923 0.545089 0.505342 0.528167 0.475439 0.512115 0.478927 0.512134 0.468543 0.484852 0.485188 0.501588 0.500814 0.533606 0.508630 0.535576 0.474099 0.496040 0.504695 0.473339 0.517309 0.514959 0.516156 0.506985 0.488544 0.496709 0.500527 0.525054 0.539021 0.537029 0.486609 0.489048 0.492482 0.465381 0.523902 0.465466 0.514384 0.482058 0.466772 0.497198 0.508041 0.502627 0.463121 0.529051 0.480624 0.472629 0.483876 

18456
2216.000000
0.483002 0.460974 0.517977 0.549909 0.528190 0.484384 0.486397 0.498299 0.518861 0.472997 0.486118 0.461182 0.493020 0.499558 0.481420 0.529170 0.461941 0.508247 0.559750 0.483526 0.523024 0.528926 0.468542 0.492471 0.529535 0.554127 0.453916 0.557738 0.547777 0.445152 0.453824 0.519432 0.508521 0.483505 0.486214 0.564543 0.474191 0.505730 0.448200 0.489026 0.538978 0.476130 0.445782 0.488808 0.467366 0.520526 0.449640 0.514219 0.537518 0.513490 0.547697 0.512340 0.471267 0.446119 0.469046 0.509499 0.461175 0.501422 0.495689 0.503116 0.487398 0.525638 0.496439 0.541103 0.512592 0.475681 0.495880 0.521169 0.460140 0.537482 0.546755 0.436365 0.468936 0.467498 0.507442 0.540749 0.517198 0.508332 0.495035 0.487987 0.464362 0.514517 0.447107 0.533254 0.511738 0.536447 0.573801 0.462111 0.574127 0.542722 0.540786 0.506546 0.531323 0.516412 0.521343 0.445782 0.459613 0.504045 0.551110 0.466440 0.475886 0.531369 0.476414 0.475176 0.549667 0.471965 0.500921 0.510323 0.510807 0.454636 0.492487 0.531051 0.480844 0.553513 0.514704 0.509675 0.542409 0.557458 0.498415 0.551342 0.533258 0.490283 0.435329 0.511755 0.545153 0.504852 0.462203 0.523787 0.543973 0.543695 0.472242 0.487343 0.494251 0.488942 0.529888 0.553165 0.523866 0.515151 0.541546 0.504458 0.546821 0.487170 0.541599 0.522766 0.517922 0.453821 0.460341 0.551053 0.526250 0.473310 0.451500 0.498820 0.491860 0.489512 0.476074 0.523618 0.512769 0.540510 0.527975 0.553340 0.514984 0.537752 0.537949 0.502244 0.564646 0.446199 0.532954 0.543175 0.501044 0.543929 0.503157 0.532334 0.494617 0.562238 0.541006 0.486288 0.462314 0.500504 0.454070 0.547078 0.475812 0.522235 0.518372 0.507305 0.514319 0.481819 0.527481 0.450219 0.487327 0.487403 0.464279 0.510762 0.510501 0.524382 0.517475 0.482383 0.497760 0.511979 0.458751 0.491497 0.529861 0.483082 0.527022 0.479641 0.519728 0.511986 0.517646 0.522233 0.462643 0.546747 0.444399 0.462494 0.468868 0.507003 0.502358 0.517432 0.463695 0.531926 0.473430 0.514807 0.567914 0.442693 0.539499 0.509175 0.531476 0.463108 0.459000 0.457196 0.440029 0.530065 0.453666 0.464286 0.500884 0.550787 0.485831 0.553021 0.454838 0.509605 0.515191 0.516424 0.450994 0.475263 0.567925 0.459949 0.511418 0.492032 0.465120 0.563476 0.494139 0.460086 0.491823 0.531002 0.526771 0.508352 0.553014 0.477019 

20462
1579.000000
0.552259 0.524365 0.466754 0.487901 0.547620 0.513624 0.496153 0.541840 0.572576 0.540313 0.451838 0.450502 0.565926 0.503565 0.435926 0.421488 0.482730 0.455833 0.549404 0.505708 0.510625 0.455029 0.468103 0.463568 0.497281 0.542563 0.515980 0.499602 0.459391 0.498600 0.520591 0.501337 0.533473 0.461615 0.447209 0.481255 0.542297 0.514683 0.443683 0.546644 0.513108 0.445884 0.492278 0.446237 0.529951 0.432202 0.526727 0.555894 0.484298 0.545231 0.439112 0.515414 0.516535 0.427184 0.525630 0.567509 0.496375 0.545728 0.503021 0.537917 0.521481 0.486681 0.536986 0.510812 0.453371 0.510495 0.464408 0.514472 0.464801 0.532538 0.508489 0.520911 0.463446 0.478147 0.552440 0.480465 0.457859 0.558564 0.505126 0.533653 0.454420 0.489041 0.570406 0.543650 0.459516 0.499614 0.478795 0.562221 0.565861 0.501099 0.443890 0.516064 0.511352 0.489707 0.518609 0.496652 0.495819 0.486912 0.505548 0.458309 0.462745 0.497409 0.512286 0.511608 0.528557 0.552658 0.503891 0.421750 0.484475 0.506591 0.498071 0.514832 0.516985 0.480855 0.457761 0.546898 0.486915 0.489874 0.529039 0.508909 0.551097 0.490949 0.502207 0.521158 0.478747 0.540079 0.552121 0.520275 0.498605 0.535280 0.499424 0.467406 0.512923 0.521238 0.479283 0.497192 0.551058 0.518367 0.479371 0.494930 0.492667 0.532759 0.506621 0.483704 0.414225 0.472105 0.481255 0.455501 0.571599 0.470943 0.499299 0.503511 0.522810 0.456794 0.498750 0.452774 0.504197 0.484310 0.506133 0.530722 0.482235 0.533737 0.431479 0.583578 0.457647 0.522246 0.511963 0.447115 0.514973 0.541670 0.518721 0.498740 0.472649 0.525418 0.536309 0.471071 0.557747 0.504589 0.541684 0.521694 0.520954 0.534509 0.545589 0.499666 0.507372 0.451962 0.491672 0.519640 0.543282 0.496115 0.529650 0.449047 0.444786 0.543591 0.469260 0.518473 0.527825 0.551512 0.501792 0.448721 0.465641 0.569102 0.475324 0.481089 0.552196 0.466948 0.481940 0.512351 0.468320 0.480338 0.499851 0.489018 0.539591 0.494251 0.495006 0.527633 0.450577 0.540087 0.573352 0.543387 0.465423 0.493609 0.537208 0.450664 0.437054 0.511611 0.524186 0.447501 0.479715 0.460263 0.523816 0.484526 0.558460 0.521907 0.530386 0.502450 0.472024 0.457918 0.499885 0.530544 0.526208 0.487550 0.447813 0.454931 0.507534 0.546504 0.572346 0.544425 0.444383 0.440554 0.487724 0.472505 0.521815 0.455247 0.472668 0.477000 

21380
1325.000000
0.523634 0.486497 0.479110 0.492969 0.521625 0.480764 0.495039 0.463971 0.496345 0.484497 0.533270 0.535470 0.561691 0.541815 0.458676 0.474816 0.472908 0.453977 0.539081 0.518805 0.466529 0.441563 0.471351 0.498829 0.476531 0.540438 0.562431 0.466918 0.507930 0.454126 0.433017 0.466253 0.469575 0.545332 0.433506 0.487012 0.567021 0.495377 0.586781 0.545142 0.508795 0.474981 0.485797 0.551630 0.464933 0.534599 0.459843 0.503632 0.500025 0.464668 0.546342 0.507554 0.524196 0.439481 0.497306 0.527588 0.476904 0.537211 0.451292 0.472403 0.525281 0.529860 0.467335 0.539224 0.480126 0.482758 0.482843 0.457019 0.534171 0.527295 0.498609 0.523813 0.510953 0.500528 0.522260 0.480504 0.477212 0.449996 0.475783 0.526436 0.545040 0.478403 0.573092 0.472083 0.504188 0.524802 0.495167 0.502457 0.449952 0.541225 0.488459 0.536936 0.473435 0.547131 0.518997 0.567618 0.459069 0.516031 0.444886 0.466505 0.504761 0.522224 0.481256 0.537166 0.520623 0.468522 0.524891 0.529852 0.445947 0.468813 0.507114 0.502094 0.525104 0.449476 0.532798 0.484323 0.455962 0.452337 0.573612 0.501486 0.510156 0.515017 0.452953 0.508797 0.491454 0.510819 0.515886 0.507338 0.545469 0.472298 0.430457 0.539779 0.469498 0.474445 0.486231 0.540372 0.549375 0.513993 0.553299 0.530943 0.476339 0.462508 0.461713 0.552135 0.428444 0.505737 0.453645 0.567569 0.476768 0.497286 0.425485 0.464746 0.441053 0.438191 0.470169 0.532787 0.431062 0.476931 0.509767 0.487882 0.467396 0.561633 0.452182 0.476221 0.466847 0.542915 0.519087 0.514630 0.567186 0.510316 0.547160 0.547436 0.533500 0.573138 0.492580 0.450439 0.536187 0.480460 0.462719 0.449327 0.509070 0.485577 0.481239 0.455779 0.452209 0.503219 0.527778 0.527328 0.456774 0.444010 0.542679 0.461702 0.502911 0.497658 0.495150 0.533856 0.458893 0.501221 0.545580 0.517601 0.463150 0.504578 0.444116 0.538936 0.482191 0.458216 0.497759 0.506715 0.512793 0.534636 0.464745 0.548933 0.460214 0.448818 0.496222 0.456177 0.489385 0.530448 0.497605 0.471185 0.492112 0.548110 0.532932 0.471702 0.429834 0.554803 0.515536 0.524514 0.544697 0.481023 0.496021 0.472413 0.490115 0.531546 0.492884 0.496979 0.457338 0.544220 0.475522 0.539992 0.567694 0.460244 0.557277 0.540706 0.591850 0.539708 0.453696 0.507247 0.559435 0.512856 0.488751 0.562766 0.492661 0.516463 0.552404 0.533462 

22123
2027.000000
0.477115 0.548197 0.458872 0.502180 0.483330 0.532677 0.507413 0.504418 0.483495 0.521383 0.518270 0.541762 0.508842 0.531185 0.454009 0.540170 0.507537 0.507170 0.525481 0.515484 0.492735 0.454420 0.482137 0.499794 0.486101 0.455854 0.468732 0.513781 0.541329 0.534449 0.486512 0.518143 0.526173 0.463460 0.444170 0.519739 0.519485 0.515914 0.499913 0.460394 0.501025 0.544688 0.501225 0.444832 0.453223 0.514275 0.444256 0.523046 0.508488 0.483310 0.526395 0.548674 0.453936 0.510861 0.452625 0.482130 0.539128 0.527499 0.519274 0.534220 0.550223 0.509369 0.442275 0.469895 0.526336 0.466948 0.455975 0.448181 0.474903 0.458279 0.474084 0.498158 0.444146 0.491845 0.563801 0.472397 0.541519 0.466601 0.548766 0.551130 0.553019 0.490592 0.534416 0.517635 0.492509 0.533938 0.457282 0.545961 0.539092 0.455532 0.529811 0.539493 0.548915 0.456675 0.504798 0.504693 0.491417 0.427523 0.516749 0.516486 0.498264 0.509015 0.516992 0.552452 0.487559 0.545425 0.515858 0.533757 0.486850 0.467319 0.483556 0.489234 0.462345 0.493358 0.501820 0.528391 0.536852 0.542415 0.455359 0.500722 0.475097 0.544381 0.516883 0.474269 0.478927 0.541762 0.465229 0.461388 0.469584 0.501094 0.480457 0.517431 0.465393 0.581139 0.549464 0.456592 0.490095 0.536345 0.513208 0.511560 0.495386 0.505664 0.467517 0.438721 0.510573 0.507782 0.453160 0.520335 0.497554 0.463076 0.461721 0.510290 0.469699 0.519087 0.567784 0.500381 0.461943 0.486596 0.523326 0.481820 0.512413 0.450239 0.442261 0.470341 0.474106 0.478547 0.447803 0.570948 0.468332 0.528892 0.491467 0.484965 0.543194 0.512442 0.444135 0.568299 0.450983 0.492808 0.471750 0.501149 0.555109 0.541476 0.477199 0.522845 0.454257 0.463697 0.510025 0.451624 0.530100 0.532179 0.546459 0.560427 0.450485 0.463830 0.465526 0.510760 0.571049 0.446539 0.542478 0.526967 0.540733 0.541376 0.498314 0.518371 0.538196 0.533398 0.502515 0.552366 0.504111 0.490862 0.499633 0.453046 0.487648 0.457164 0.495858 0.534477 0.509559 0.541951 0.486482 0.474601 0.482031 0.468311 0.500154 0.500540 0.449114 0.464114 0.521786 0.474522 0.528759 0.440484 0.486136 0.532492 0.537889 0.453977 0.453241 0.521613 0.510583 0.467023 0.485629 0.481536 0.531379 0.543020 0.501365 0.529713 0.470031 0.457893 0.568179 0.527879 0.478727 0.522148 0.480375 0.496228 0.482072 0.525606 0.541330 0.498611 

22599
1093.000000
0.441357 0.465756 0.544710 0.534933 0.455178 0.459358 0.448125 0.462255 0.505005 0.455734 0.526446 0.476184 0.456406 0.495321 0.551506 0.555835 0.456257 0.546621 0.535965 0.483995 0.434937 0.477330 0.559555 0.470074 0.535747 0.549688 0.554779 0.486978 0.440597 0.476274 0.498246 0.438057 0.528683 0.521797 0.444573 0.474690 0.460315 0.436220 0.493611 0.518763 0.486296 0.499938 0.549906 0.501296 0.548889 0.536848 0.494310 0.493582 0.458791 0.520950 0.434759 0.497508 0.523054 0.528831 0.505001 0.452711 0.539123 0.453378 0.467532 0.482223 0.506433 0.554561 0.459602 0.506464 0.509104 0.555151 0.454945 0.532076 0.450803 0.519545 0.465608 0.514658 0.580971 0.495283 0.489038 0.491814 0.564588 0.474354 0.537599 0.543421 0.501181 0.565456 0.564571 0.559732 0.521677 0.447813 0.473806 0.520010 0.528731 0.494424 0.441688 0.508349 0.446671 0.459578 0.513610 0.559296 0.503594 0.404775 0.502453 0.449330 0.547243 0.462938 0.455186 0.521071 0.463708 0.453182 0.444590 0.491257 0.499828 0.528555 0.498039 0.550893 0.481849 0.486857 0.446860 0.517155 0.520158 0.458808 0.456539 0.487853 0.504060 0.555410 0.537641 0.527166 0.553775 0.517100 0.454894 0.510168 0.501641 0.457617 0.535259 0.510758 0.518550 0.504107 0.497061 0.524130 0.523835 0.443536 0.508375 0.500085 0.547324 0.438090 0.479001 0.465394 0.529031 0.459345 0.491449 0.542664 0.527424 0.476409 0.557414 0.548419 0.561922 0.502745 0.489610 0.491077 0.504401 0.535448 0.547188 0.484796 0.453209 0.498092 0.543312 0.458006 0.498169 0.425839 0.549123 0.480502 0.470788 0.432598 0.463666 0.535698 0.545802 0.489267 0.442417 0.531023 0.450012 0.475162 0.467899 0.527506 0.491727 0.540132 0.474819 0.518714 0.494165 0.447045 0.524631 0.552520 0.432856 0.546574 0.516194 0.528096 0.486152 0.517893 0.432472 0.554178 0.529800 0.573924 0.419193 0.476782 0.485036 0.472402 0.507914 0.558217 0.486161 0.485055 0.557787 0.583688 0.519194 0.553551 0.534534 0.493323 0.481339 0.587992 0.467261 0.487776 0.521229 0.569414 0.557252 0.499896 0.538865 0.529604 0.478105 0.549482 0.540446 0.568015 0.472961 0.563014 0.540545 0.538821 0.513194 0.511926 0.539870 0.479188 0.513311 0.462883 0.510105 0.542137 0.487106 0.546368 0.524034 0.490783 0.482467 0.503201 0.514298 0.503352 0.555438 0.567482 0.536197 0.482044 0.452968 0.532061 0.501897 0.482344 0.481305 0.519648 

29620
1614.000000
0.496605 0.475100 0.522303 0.458378 0.474545 0.491354 0.443871 0.440266 0.490101 0.468096 0.510594 0.463035 0.453847 0.448317 0.505225 0.447780 0.560643 0.490724 0.457362 0.539772 0.502039 0.502385 0.426857 0.497556 0.508317 0.465892 0.532456 0.461582 0.511771 0.506029 0.527563 0.435832 0.465624 0.508828 0.512899 0.475573 0.510671 0.522346 0.449244 0.484197 0.489450 0.475733 0.449682 0.504302 0.542921 0.524044 0.504812 0.492437 0.495860 0.516581 0.486940 0.521119 0.489961 0.513044 0.543232 0.474548 0.546805 0.452343 0.452699 0.538540 0.566042 0.463068 0.497670 0.502121 0.561139 0.508909 0.565015 0.480076 0.563956 0.489454 0.505383 0.500105 0.460828 0.472566 0.510352 0.441094 0.505549 0.506135 0.499338 0.503283 0.529385 0.481101 0.512139 0.442731 0.490117 0.453062 0.515969 0.484380 0.521656 0.447508 0.552084 0.477022 0.527114 0.516851 0.496740 0.532165 0.484783 0.482964 0.436096 0.547700 0.540471 0.482918 0.503162 0.531407 0.510663 0.469803 0.436488 0.441034 0.467621 0.518911 0.518446 0.499724 0.543092 0.462790 0.533815 0.488055 0.571100 0.496437 0.519160 0.488925 0.479251 0.447963 0.453678 0.515221 0.532230 0.562490 0.551430 0.539659 0.431895 0.482916 0.456606 0.530884 0.556719 0.458642 0.559764 0.459146 0.494046 0.435302 0.449418 0.448373 0.561744 0.439516 0.474284 0.493485 0.421702 0.506091 0.548092 0.485009 0.502363 0.464520 0.461896 0.504639 0.487510 0.488814 0.510514 0.471682 0.499665 0.460370 0.471470 0.548369 0.551028 0.512223 0.511283 0.442282 0.538661 0.485577 0.510093 0.458314 0.541780 0.518785 0.471635 0.553597 0.463113 0.480774 0.493163 0.449514 0.451369 0.496012 0.495923 0.517128 0.523517 0.562761 0.477539 0.438813 0.467153 0.537604 0.469977 0.525133 0.489996 0.498635 0.554888 0.535111 0.487771 0.473718 0.426505 0.501466 0.498797 0.542921 0.438362 0.448068 0.499303 0.556677 0.441101 0.437978 0.519649 0.547373 0.524554 0.500832 0.481291 0.507403 0.523667 0.535769 0.469825 0.494727 0.495605 0.460279 0.446931 0.517600 0.543216 0.513216 0.503347 0.473790 0.476682 0.542702 0.518390 0.527347 0.503546 0.559710 0.484526 0.496658 0.541037 0.472616 0.446013 0.522597 0.514784 0.471172 0.521639 0.499858 0.550182 0.454492 0.541028 0.519812 0.515006 0.419512 0.483766 0.455269 0.522653 0.464685 0.535874 0.443092 0.479940 0.554929 0.435015 0.496029 0.483622 0.523020 

30554
2982.000000
0.545911 0.556483 0.522346 0.468602 0.508089 0.554584 0.486162 0.546767 0.450069 0.482494 0.453804 0.508544 0.475482 0.505139 0.459687 0.519879 0.453280 0.465196 0.473522 0.492012 0.465334 0.509382 0.521374 0.497155 0.505271 0.459769 0.518884 0.533887 0.473183 0.489733 0.540786 0.438433 0.540128 0.519872 0.518379 0.486353 0.488186 0.504158 0.488954 0.508117 0.478013 0.532658 0.509966 0.531170 0.536223 0.453558 0.505216 0.527000 0.485197 0.513223 0.445934 0.483497 0.502041 0.529268 0.464651 0.500698 0.490380 0.514138 0.468832 0.537534 0.466617 0.552918 0.536924 0.505737 0.487622 0.484004 0.482235 0.447548 0.494893 0.502311 0.478783 0.487739 0.491993 0.486256 0.456640 0.478469 0.521409 0.512247 0.496704 0.534645 0.484298 0.530570 0.447595 0.546017 0.565987 0.488995 0.517065 0.450097 0.516988 0.528396 0.437047 0.525005 0.525715 0.518761 0.435900 0.489872 0.477704 0.536248 0.488440 0.519732 0.525606 0.534013 0.549627 0.525423 0.523682 0.506807 0.507909 0.516630 0.490171 0.495853 0.546733 0.475009 0.512480 0.546867 0.525546 0.522885 0.540284 0.494311 0.516381 0.507121 0.506007 0.508693 0.489813 0.495636 0.476489 0.539848 0.474660 0.462333 0.504520 0.451359 0.506349 0.507021 0.449437 0.513344 0.471048 0.498021 0.501305 0.528435 0.471421 0.455448 0.469097 0.499705 0.454494 0.479182 0.522595 0.461604 0.506531 0.454932 0.527701 0.531751 0.468237 0.506774 0.462237 0.504310 0.484513 0.516942 0.497275 0.529242 0.510596 0.565386 0.506960 0.544472 0.483156 0.517848 0.469483 0.549828 0.455584 0.495527 0.533533 0.476645 0.503632 0.497509 0.533383 0.454666 0.447797 0.514183 0.507835 0.481317 0.489174 0.447049 0.455953 0.467795 0.474009 0.504554 0.538062 0.530442 0.548194 0.535557 0.506128 0.524046 0.546384 0.494466 0.497332 0.494553 0.522792 0.489637 0.486696 0.467411 0.435118 0.539453 0.516107 0.515111 0.529261 0.503140 0.488355 0.488824 0.546311 0.470852 0.520098 0.503600 0.483158 0.541042 0.487149 0.566422 0.543406 0.550505 0.501213 0.491378 0.469012 0.566614 0.461347 0.551172 0.436580 0.480544 0.500523 0.527632 0.548037 0.487211 0.509240 0.498888 0.509891 0.513045 0.471755 0.509012 0.483897 0.484441 0.452206 0.452850 0.512525 0.450074 0.457043 0.502915 0.519731 0.487488 0.474918 0.478055 0.503422 0.531040 0.461433 0.545057 0.522338 0.504752 0.441287 0.469143 0.476878 0.560219 

30831
1092.000000
0.509774 0.517859 0.565772 0.489789 0.498328 0.527375 0.499317 0.556676 0.477228 0.536342 0.420395 0.478070 0.558138 0.474066 0.576707 0.537507 0.569234 0.435022 0.444278 0.461063 0.499593 0.452483 0.551941 0.479676 0.532032 0.493064 0.529618 0.506804 0.463290 0.425947 0.523710 0.500363 0.479027 0.523860 0.454874 0.557211 0.527369 0.456588 0.518647 0.487675 0.487160 0.505078 0.516694 0.495486 0.525854 0.478476 0.543583 0.436836 0.502900 0.430279 0.541279 0.567566 0.480549 0.475384 0.443259 0.575617 0.529898 0.469520 0.499811 0.562972 0.500786 0.557022 0.525252 0.475127 0.542247 0.523579 0.455792 0.463972 0.557309 0.505547 0.534965 0.441807 0.575625 0.456228 0.550153 0.514156 0.464499 0.547408 0.554248 0.439920 0.511393 0.439399 0.525521 0.500674 0.484784 0.530852 0.579884 0.501853 0.519550 0.491988 0.487262 0.437912 0.450395 0.517618 0.533723 0.529889 0.467023 0.495038 0.499930 0.525311 0.555116 0.550615 0.513685 0.571140 0.499306 0.496780 0.477283 0.458115 0.530835 0.537689 0.539326 0.467541 0.449587 0.563131 0.561294 0.483136 0.457957 0.511909 0.441252 0.524234 0.551643 0.521611 0.516074 0.471049 0.554997 0.442685 0.436192 0.499862 0.460610 0.436562 0.471544 0.507824 0.492965 0.501904 0.507549 0.553716 0.490494 0.465972 0.495550 0.550572 0.535912 0.524698 0.539941 0.544862 0.519125 0.521477 0.536023 0.481183 0.513210 0.514527 0.500033 0.464117 0.477592 0.507851 0.549732 0.530170 0.541763 0.500615 0.526638 0.468696 0.508693 0.538749 0.525200 0.450529 0.498930 0.530645 0.531787 0.566690 0.452672 0.529669 0.480505 0.547667 0.546256 0.456769 0.543953 0.556819 0.462416 0.470011 0.492183 0.500356 0.528328 0.497919 0.498942 0.438514 0.508860 0.464433 0.531913 0.457346 0.514377 0.479886 0.548094 0.431203 0.469964 0.456973 0.540104 0.524740 0.558578 0.514521 0.433512 0.463343 0.464565 0.500251 0.498872 0.476705 0.536442 0.563712 0.468892 0.528372 0.512435 0.521135 0.486357 0.519979 0.537385 0.562074 0.507497 0.564183 0.478472 0.461287 0.546302 0.467153 0.498258 0.464080 0.499623 0.553299 0.449367 0.542443 0.544614 0.505123 0.526608 0.437213 0.487950 0.536777 0.449764 0.536781 0.486432 0.553770 0.506002 0.484690 0.554417 0.550471 0.559859 0.489453 0.510069 0.503063 0.450753 0.467047 0.547193 0.502977 0.575826 0.451899 0.496522 0.559423 0.467538 0.579719 0.543299 0.546531 

