4136
1213.000000
0.443729 0.457229 0.438039 0.436235 0.516681 0.482468 0.469857 0.441593 0.483753 0.481190 0.419062 0.469594 0.449318 0.488157 0.473339 0.471517 0.467268 0.532720 0.440151 0.472141 0.541867 0.571866 0.524952 0.581963 0.540270 0.475595 0.506758 0.468178 0.456938 0.450265 0.554556 0.518937 0.492405 0.429988 0.427628 0.506874 0.460786 0.480985 0.446341 0.483289 0.474861 0.526193 0.520439 0.565850 0.464900 0.532529 0.544881 0.495801 0.497517 0.525330 0.500453 0.454407 0.527752 0.478307 0.541296 0.544833 0.541165 0.499379 0.467778 0.491346 0.456451 0.580612 0.451896 0.464321 0.571441 0.529706 0.525131 0.521634 0.509801 0.513800 0.518599 0.429932 0.506689 0.559657 0.559149 0.574891 0.434081 0.518020 0.495537 0.551460 0.449552 0.464589 0.494604 0.424405 0.519855 0.553779 0.517509 0.511016 0.440368 0.479676 0.501092 0.445350 0.506133 0.562171 0.507962 0.492477 0.543543 0.499841 0.499574 0.525544 0.548791 0.457437 0.494028 0.449525 0.523172 0.455105 0.496380 0.439569 0.434783 0.551691 0.460272 0.561523 0.531075 0.525245 0.535829 0.498600 0.544569 0.470542 0.551003 0.516705 0.484697 0.499281 0.454761 0.444382 0.542283 0.492282 0.549348 0.435651 0.519695 0.477544 0.540469 0.523525 0.559467 0.508437 0.524252 0.568235 0.468377 0.502679 0.523035 0.548982 0.545250 0.475704 0.487712 0.488540 0.539103 0.448355 0.506915 0.465919 0.555933 0.547496 0.559208 0.538784 0.518081 0.518920 0.481840 0.489078 0.520975 0.497584 0.472928 0.516580 0.511810 0.500443 0.529569 0.491614 0.516173 0.476469 0.469666 0.590783 0.488355 0.544159 0.477643 0.542875 0.499277 0.489787 0.537597 0.576220 0.571280 0.529726 0.535274 0.514256 0.505743 0.499721 0.557483 0.511076 0.532722 0.525103 0.571782 0.543332 0.453957 0.536989 0.512022 0.513560 0.577076 0.512299 0.532205 0.472179 0.466967 0.474751 0.539291 0.482672 0.449205 0.516668 0.483126 0.493204 0.473035 0.507039 0.441975 0.548909 0.500330 0.489938 0.472624 0.516037 0.476092 0.484130 0.439232 0.452281 0.538336 0.481742 0.557309 0.510345 0.431264 0.464178 0.468168 0.444960 0.495652 0.477134 0.479741 0.507896 0.509999 0.481384 0.489889 0.440535 0.442822 0.493693 0.496162 0.502876 0.521638 0.447126 0.465353 0.526083 0.486575 0.530575 0.506643 0.500630 0.547501 0.500990 0.486143 0.494939 0.537166 0.513842 0.449560 0.545242 0.453696 0.522334 0.547817 0.506475 

7473
1034.000000
0.524062 0.546865 0.545947 0.445656 0.441186 0.464655 0.495983 0.477220 0.475469 0.508211 0.431921 0.455447 0.543242 0.443259 0.517146 0.455278 0.472349 0.555788 0.446373 0.479876 0.524587 0.520699 0.547330 0.577871 0.583161 0.500842 0.445604 0.467022 0.507799 0.429187 0.511302 0.471602 0.499674 0.497518 0.534276 0.531107 0.463474 0.472619 0.473299 0.492251 0.484006 0.493089 0.476300 0.517745 0.463575 0.438168 0.508656 0.508852 0.517182 0.435075 0.525646 0.482787 0.561568 0.529587 0.430042 0.500736 0.469016 0.547799 0.487674 0.535925 0.474543 0.465293 0.535549 0.470910 0.468115 0.561975 0.547324 0.544840 0.489109 0.512449 0.416808 0.447631 0.505024 0.541150 0.542882 0.529712 0.499362 0.458748 0.526031 0.496656 0.531054 0.446906 0.509658 0.455850 0.562098 0.520828 0.452905 0.476343 0.519790 0.566166 0.499976 0.545186 0.520028 0.516046 0.502830 0.472240 0.438396 0.435123 0.452599 0.568165 0.478947 0.535162 0.542997 0.515902 0.518306 0.574649 0.452727 0.521178 0.500589 0.526116 0.475831 0.518638 0.493983 0.505026 0.548570 0.528877 0.442802 0.461635 0.529074 0.571811 0.562243 0.459541 0.517282 0.542203 0.537789 0.513027 0.492270 0.517441 0.481610 0.538420 0.491401 0.482819 0.488126 0.513330 0.447297 0.563291 0.495044 0.450374 0.425292 0.514554 0.512731 0.492754 0.531529 0.504186 0.465152 0.548575 0.525240 0.532795 0.518183 0.493623 0.515118 0.457190 0.497760 0.527673 0.476545 0.426513 0.444881 0.540702 0.581017 0.558872 0.449617 0.491895 0.533262 0.511793 0.462882 0.486352 0.549663 0.513163 0.505152 0.455303 0.560308 0.540754 0.457128 0.459764 0.467091 0.503672 0.516028 0.495498 0.512637 0.549971 0.488227 0.494596 0.571430 0.515151 0.448205 0.498293 0.521795 0.499982 0.461310 0.437143 0.483504 0.433965 0.513566 0.512439 0.462892 0.506658 0.478201 0.561631 0.524809 0.492336 0.414459 0.547005 0.433059 0.490821 0.441047 0.536165 0.475450 0.434291 0.448011 0.516329 0.444530 0.528694 0.500812 0.461333 0.539712 0.482577 0.459249 0.516926 0.561206 0.515646 0.555392 0.546757 0.437196 0.466701 0.470967 0.482109 0.464622 0.458129 0.462721 0.441307 0.485952 0.520405 0.508356 0.502187 0.567066 0.468612 0.456574 0.474058 0.507654 0.553857 0.465784 0.442699 0.571954 0.504394 0.564499 0.440652 0.467068 0.561181 0.547475 0.545334 0.465147 0.524035 0.445755 0.507976 0.485719 0.475501 

10316
1321.000000
0.455724 0.467035 0.468748 0.425950 0.510904 0.475473 0.525535 0.491215 0.536036 0.545103 0.549905 0.519992 0.512812 0.463206 0.555965 0.446805 0.547205 0.521871 0.504460 0.495581 0.559255 0.539532 0.567714 0.493852 0.517069 0.542844 0.518342 0.513157 0.476874 0.535234 0.470399 0.530793 0.475291 0.562234 0.525430 0.523453 0.560305 0.465719 0.541273 0.544355 0.519430 0.495154 0.552433 0.518185 0.521521 0.499488 0.487477 0.538603 0.511979 0.448983 0.512944 0.459496 0.469163 0.462350 0.512850 0.461889 0.478817 0.560588 0.535320 0.455812 0.470680 0.474641 0.495274 0.481991 0.546494 0.492552 0.488939 0.487992 0.531117 0.521250 0.554843 0.554904 0.515892 0.486314 0.539886 0.446237 0.522222 0.552543 0.530693 0.429192 0.535103 0.527526 0.536729 0.534263 0.516554 0.512660 0.530974 0.532682 0.491760 0.498429 0.521181 0.493680 0.466261 0.535379 0.480101 0.485833 0.555651 0.492172 0.459832 0.503233 0.543940 0.459725 0.562487 0.504144 0.451092 0.485271 0.513143 0.554764 0.512239 0.469784 0.558366 0.548197 0.499547 0.499731 0.466291 0.483367 0.547292 0.539596 0.434317 0.460611 0.490198 0.499237 0.484282 0.449120 0.476619 0.509130 0.500551 0.518566 0.540830 0.504289 0.487870 0.535771 0.548455 0.518856 0.460346 0.478912 0.555830 0.441563 0.497033 0.547796 0.510105 0.459014 0.467336 0.458348 0.478985 0.540078 0.490084 0.494612 0.473791 0.430338 0.525467 0.537764 0.511795 0.550188 0.540068 0.431758 0.498919 0.573162 0.468651 0.499341 0.576220 0.557904 0.538782 0.549672 0.470800 0.508253 0.528716 0.502126 0.570743 0.527519 0.540858 0.514780 0.433718 0.462331 0.459095 0.435827 0.473774 0.517749 0.461826 0.540218 0.529040 0.560029 0.576144 0.501159 0.428610 0.568292 0.506530 0.496328 0.454099 0.529346 0.493647 0.538141 0.562304 0.536768 0.450301 0.462642 0.492947 0.518124 0.464500 0.569029 0.521921 0.473687 0.544399 0.546005 0.527328 0.505625 0.441320 0.532740 0.529076 0.490942 0.526760 0.456033 0.504442 0.464122 0.432333 0.516421 0.554304 0.449883 0.578932 0.536745 0.561949 0.512499 0.513150 0.516896 0.527804 0.497560 0.528874 0.513396 0.559089 0.464536 0.484538 0.527681 0.534135 0.556559 0.532019 0.453479 0.531505 0.479716 0.486370 0.471057 0.492858 0.545440 0.444020 0.500254 0.546391 0.463303 0.477008 0.529001 0.508666 0.467509 0.489180 0.561371 0.529003 0.528751 0.496957 0.449262 

12623
1734.000000
0.493882 0.558359 0.532864 0.484685 0.473175 0.463819 0.485781 0.470089 0.500193 0.561956 0.523380 0.552531 0.499638 0.523114 0.527548 0.534659 0.552672 0.539996 0.468680 0.456942 0.539334 0.572379 0.522705 0.532284 0.481662 0.582803 0.512769 0.503206 0.465288 0.489454 0.466958 0.497422 0.535372 0.506427 0.528990 0.513328 0.504125 0.523386 0.528593 0.493700 0.505961 0.436176 0.432179 0.472982 0.481017 0.494538 0.518023 0.503005 0.542823 0.554600 0.473806 0.556028 0.497831 0.539580 0.494486 0.555777 0.522377 0.471917 0.445256 0.535848 0.471040 0.475818 0.503268 0.471349 0.483975 0.459714 0.485361 0.503110 0.536658 0.519675 0.456508 0.504023 0.551759 0.509910 0.503087 0.492056 0.526445 0.483430 0.495311 0.508179 0.510368 0.493950 0.465430 0.484257 0.509022 0.460954 0.519178 0.565806 0.559390 0.454412 0.535669 0.432235 0.462434 0.524950 0.438995 0.457057 0.489039 0.531180 0.445444 0.469773 0.570749 0.549202 0.534337 0.493931 0.508972 0.521170 0.505731 0.503049 0.524916 0.535049 0.465311 0.539543 0.563836 0.515931 0.526573 0.552391 0.480741 0.486987 0.490690 0.497075 0.450374 0.519907 0.528081 0.467446 0.524655 0.440505 0.454275 0.444366 0.488767 0.489911 0.537840 0.460995 0.460212 0.550807 0.476031 0.456862 0.463019 0.543978 0.476994 0.535814 0.530424 0.504758 0.495329 0.493747 0.488150 0.555991 0.523233 0.449035 0.473278 0.476917 0.463840 0.458653 0.534767 0.489548 0.543802 0.464239 0.514153 0.459979 0.506016 0.477923 0.534152 0.487356 0.486315 0.531233 0.516647 0.500864 0.499114 0.448982 0.474979 0.455085 0.550669 0.450354 0.466480 0.475281 0.452156 0.464198 0.531836 0.461489 0.491814 0.530863 0.522595 0.523111 0.493011 0.501725 0.543719 0.436596 0.487905 0.525420 0.548702 0.452352 0.436073 0.507187 0.525470 0.554059 0.498459 0.449240 0.479162 0.518130 0.521245 0.518587 0.468997 0.466284 0.468381 0.463887 0.464451 0.492959 0.458254 0.563171 0.487124 0.491379 0.509275 0.552826 0.451899 0.522101 0.471921 0.528857 0.450403 0.465294 0.487920 0.454062 0.548510 0.450600 0.488094 0.465972 0.437456 0.470103 0.481087 0.499266 0.537288 0.521920 0.451005 0.457803 0.451940 0.488217 0.473028 0.461178 0.445800 0.469603 0.435124 0.546433 0.489679 0.497860 0.559853 0.530405 0.505993 0.457790 0.542551 0.452569 0.484475 0.488166 0.540025 0.457276 0.550950 0.515600 0.561233 0.542374 

13598
1026.000000
0.494740 0.438447 0.482656 0.471965 0.458186 0.465678 0.509104 0.526854 0.515998 0.517085 0.479230 0.566234 0.500370 0.464989 0.466680 0.517508 0.543514 0.447813 0.441373 0.545483 0.510173 0.530767 0.508842 0.575321 0.466534 0.532485 0.508208 0.457267 0.494355 0.523092 0.554133 0.485089 0.527320 0.522165 0.522360 0.488329 0.512352 0.440611 0.493198 0.457122 0.533164 0.572794 0.557039 0.440075 0.483480 0.476458 0.518492 0.550594 0.533610 0.453832 0.482426 0.566575 0.499436 0.503239 0.458357 0.510393 0.466701 0.542265 0.518694 0.483658 0.510167 0.502948 0.497417 0.451867 0.471022 0.585190 0.545074 0.535443 0.556525 0.494271 0.532401 0.478653 0.570991 0.517311 0.464093 0.524661 0.430650 0.540022 0.496401 0.548540 0.532085 0.550073 0.569206 0.491395 0.542591 0.502847 0.542342 0.541570 0.478531 0.411142 0.464727 0.510066 0.456448 0.466042 0.569715 0.462982 0.444289 0.521013 0.463643 0.490769 0.492521 0.562644 0.431389 0.546950 0.570042 0.494224 0.449231 0.477616 0.464733 0.494216 0.482158 0.571873 0.505948 0.480157 0.537477 0.492070 0.464746 0.530415 0.473360 0.480721 0.457712 0.506982 0.522962 0.497452 0.507606 0.430940 0.456661 0.510226 0.472966 0.519529 0.472765 0.514854 0.433364 0.456617 0.480205 0.551403 0.549719 0.550970 0.530944 0.465554 0.466448 0.458543 0.441744 0.580153 0.458680 0.480905 0.508208 0.460268 0.517138 0.464183 0.448551 0.529174 0.480279 0.531981 0.521256 0.407781 0.502606 0.553280 0.480505 0.486426 0.512306 0.532574 0.478464 0.577766 0.475645 0.515479 0.553728 0.456741 0.456947 0.529415 0.508146 0.432283 0.435746 0.566046 0.525460 0.467522 0.515709 0.460113 0.442921 0.534769 0.490103 0.481154 0.454735 0.442302 0.466321 0.544719 0.496047 0.449097 0.519867 0.536645 0.454406 0.478153 0.549425 0.438055 0.499861 0.493886 0.460345 0.464993 0.501809 0.535831 0.544869 0.436951 0.533181 0.521806 0.547530 0.489391 0.513702 0.444196 0.518735 0.543966 0.437958 0.486797 0.498210 0.456404 0.501131 0.473051 0.479009 0.480733 0.482999 0.553884 0.459871 0.543080 0.477250 0.462379 0.494793 0.511838 0.475058 0.480654 0.534009 0.522901 0.524999 0.550499 0.494988 0.434555 0.506332 0.460206 0.478749 0.511899 0.512717 0.555350 0.514828 0.520427 0.473012 0.490427 0.579898 0.551850 0.562333 0.547630 0.478102 0.484530 0.504879 0.454197 0.462965 0.458041 0.543251 0.446058 

13632
879.000000
0.442811 0.498865 0.471591 0.554649 0.524416 0.527943 0.526847 0.487876 0.516525 0.558071 0.476913 0.477798 0.444557 0.548046 0.541206 0.459170 0.592159 0.432810 0.546090 0.487033 0.537964 0.436191 0.503256 0.506023 0.510524 0.533621 0.429565 0.520802 0.458238 0.438742 0.475073 0.486100 0.519295 0.432627 0.475704 0.539246 0.550188 0.444162 0.442388 0.568123 0.494469 0.458128 0.541938 0.476340 0.418707 0.541733 0.478773 0.502002 0.525567 0.547604 0.554767 0.488605 0.465245 0.474042 0.483752 0.548464 0.451546 0.494159 0.514241 0.492341 0.524560 0.456578 0.489662 0.538223 0.524817 0.476195 0.557959 0.462341 0.483774 0.482379 0.517092 0.524316 0.555015 0.418273 0.434696 0.472119 0.501060 0.480335 0.487884 0.461458 0.477082 0.475007 0.560219 0.438293 0.492281 0.517209 0.494851 0.469545 0.537759 0.451981 0.505686 0.541646 0.436229 0.485679 0.555334 0.450903 0.560076 0.529797 0.483052 0.456264 0.454091 0.523372 0.567568 0.535398 0.487790 0.456458 0.478955 0.527919 0.486527 0.547956 0.571674 0.489298 0.454437 0.478805 0.446540 0.507746 0.540991 0.490127 0.545505 0.563074 0.518950 0.438280 0.441648 0.459226 0.503420 0.417952 0.499380 0.457665 0.452968 0.453058 0.486213 0.443444 0.494140 0.550786 0.446699 0.564449 0.540517 0.540700 0.557079 0.472125 0.489602 0.518239 0.554249 0.527924 0.550852 0.516785 0.493970 0.507404 0.551209 0.474355 0.474869 0.466824 0.470882 0.425083 0.460621 0.489176 0.437318 0.584373 0.565428 0.540450 0.515456 0.476128 0.525215 0.588592 0.534701 0.530333 0.506469 0.473034 0.477894 0.547493 0.539753 0.477140 0.535469 0.500805 0.454503 0.568718 0.523324 0.473636 0.507201 0.487576 0.496988 0.450480 0.437737 0.549466 0.505172 0.481366 0.581909 0.484188 0.428213 0.567115 0.537597 0.525898 0.548949 0.550019 0.543644 0.507021 0.552871 0.554646 0.510268 0.486047 0.496911 0.546086 0.478243 0.505283 0.505487 0.555008 0.490712 0.526949 0.521291 0.489775 0.528034 0.510632 0.478937 0.523804 0.513756 0.524856 0.542341 0.483413 0.545995 0.519343 0.493486 0.511257 0.553144 0.533963 0.461624 0.503591 0.461571 0.470866 0.459625 0.455691 0.429796 0.541190 0.443970 0.476300 0.568846 0.546542 0.529740 0.488983 0.524203 0.506291 0.510016 0.465143 0.456017 0.446970 0.557611 0.503558 0.460368 0.560459 0.476271 0.483519 0.534901 0.497693 0.546558 0.471327 0.449482 0.580365 

15638
3312.000000
0.538785 0.487286 0.496506 0.477711 0.539620 0.548907 0.531827 0.493520 0.481107 0.487174 0.487115 0.454400 0.527449 0.546012 0.512102 0.507755 0.464557 0.480757 0.481506 0.471053 0.523914 0.560129 0.514752 0.546572 0.490392 0.465695 0.459998 0.549155 0.474277 0.516551 0.468245 0.506708 0.481131 0.539121 0.515563 0.524609 0.479430 0.463139 0.511940 0.460112 0.518619 0.447686 0.508549 0.514668 0.510616 0.489210 0.503861 0.470589 0.509101 0.504424 0.514349 0.478364 0.452306 0.492685 0.554408 0.452269 0.460729 0.461362 0.453505 0.509487 0.482569 0.494046 0.454138 0.477052 0.464471 0.503925 0.501068 0.558463 0.464475 0.465748 0.535996 0.478199 0.490297 0.499376 0.452500 0.452537 0.514258 0.462662 0.518997 0.492311 0.508173 0.468657 0.525849 0.517926 0.478264 0.490114 0.470871 0.465281 0.458893 0.444774 0.542844 0.510076 0.504624 0.512860 0.474638 0.532538 0.533079 0.458983 0.542069 0.540955 0.467590 0.467890 0.492687 0.464791 0.486332 0.518862 0.492178 0.499797 0.531565 0.495071 0.464651 0.497787 0.497004 0.528268 0.453231 0.496572 0.472323 0.514523 0.462254 0.483338 0.506664 0.495947 0.544140 0.475594 0.494105 0.490917 0.506998 0.473086 0.525000 0.513078 0.480374 0.518353 0.526572 0.453520 0.526253 0.533917 0.439954 0.514542 0.511524 0.496972 0.458539 0.523081 0.543219 0.544130 0.526533 0.507597 0.527182 0.537606 0.493861 0.484187 0.497093 0.482593 0.441601 0.517105 0.469606 0.502398 0.461592 0.530373 0.486558 0.482285 0.511131 0.471359 0.478969 0.467464 0.529964 0.449477 0.451761 0.457768 0.520597 0.457102 0.456502 0.499485 0.500763 0.515115 0.519533 0.477047 0.466407 0.485222 0.548952 0.453039 0.488969 0.472187 0.475892 0.481688 0.448008 0.457641 0.473661 0.489834 0.535870 0.556538 0.481125 0.488996 0.519224 0.520152 0.523820 0.551422 0.485821 0.490416 0.533358 0.519552 0.476240 0.527243 0.471787 0.447066 0.518447 0.530878 0.508658 0.483787 0.494793 0.467432 0.460695 0.440869 0.509665 0.543610 0.513788 0.477575 0.525270 0.537840 0.477870 0.458244 0.516993 0.538008 0.478035 0.525445 0.535888 0.558467 0.458602 0.533533 0.526522 0.536310 0.504146 0.472486 0.539060 0.511366 0.526016 0.521083 0.516343 0.480722 0.443065 0.500052 0.504774 0.468066 0.525479 0.491143 0.520874 0.539594 0.476592 0.452715 0.493853 0.537818 0.527803 0.506625 0.450669 0.523794 0.459601 0.488542 

16311
8762.000000
0.488781 0.490315 0.491263 0.541179 0.484328 0.486473 0.518851 0.496269 0.514747 0.499720 0.533658 0.517834 0.494961 0.478445 0.516475 0.502434 0.504395 0.536572 0.505008 0.510530 0.484411 0.474309 0.483169 0.472749 0.497945 0.481710 0.504035 0.481086 0.533479 0.528000 0.506629 0.525578 0.477056 0.481689 0.525053 0.463021 0.487958 0.527650 0.521397 0.513808 0.490879 0.529898 0.494283 0.508247 0.510782 0.514483 0.509904 0.476663 0.495877 0.502510 0.513264 0.480540 0.528768 0.519256 0.512486 0.503305 0.509148 0.491580 0.552991 0.459148 0.503956 0.474544 0.521067 0.521894 0.488511 0.497442 0.520775 0.508092 0.503807 0.485097 0.491026 0.525903 0.492997 0.524315 0.493143 0.527035 0.500152 0.503621 0.467451 0.476226 0.487354 0.516874 0.468550 0.481899 0.476255 0.495984 0.480030 0.487901 0.463623 0.527336 0.492901 0.496061 0.492756 0.470258 0.520273 0.506689 0.515952 0.524998 0.519687 0.495752 0.470646 0.475561 0.480314 0.474945 0.488128 0.503423 0.522011 0.503193 0.506765 0.494494 0.500163 0.476881 0.499549 0.477140 0.491087 0.473236 0.473668 0.476846 0.511865 0.482724 0.489708 0.483375 0.513243 0.522347 0.476588 0.470804 0.528066 0.531426 0.499371 0.518296 0.523744 0.489535 0.504752 0.495324 0.498289 0.463565 0.495849 0.484061 0.490741 0.500885 0.485403 0.518331 0.509921 0.498075 0.508445 0.514377 0.493136 0.510666 0.472270 0.536697 0.536433 0.502292 0.542907 0.492845 0.493360 0.518987 0.527156 0.457721 0.476454 0.476309 0.464644 0.478516 0.517228 0.489233 0.496474 0.524552 0.505221 0.498172 0.485067 0.496405 0.493048 0.480217 0.504743 0.486173 0.526909 0.508787 0.514853 0.528646 0.512339 0.491887 0.496025 0.496538 0.506646 0.526163 0.537588 0.517810 0.465688 0.506618 0.500552 0.461465 0.477597 0.502163 0.479100 0.490199 0.508864 0.495456 0.501487 0.494516 0.532190 0.483463 0.509192 0.476103 0.523718 0.533122 0.486132 0.471388 0.503498 0.462702 0.494127 0.491075 0.543786 0.504589 0.529745 0.476052 0.512164 0.477285 0.511796 0.468719 0.482227 0.484066 0.501316 0.499904 0.533575 0.508932 0.535291 0.475876 0.500043 0.506098 0.473812 0.520389 0.518394 0.515536 0.507577 0.487741 0.494131 0.502007 0.524764 0.539976 0.535269 0.486844 0.490981 0.497045 0.465570 0.524778 0.463859 0.517096 0.483139 0.463648 0.497814 0.507031 0.502732 0.461654 0.529380 0.481705 0.475388 0.482882 

18456
2121.000000
0.482103 0.460120 0.517880 0.549848 0.528800 0.484399 0.486081 0.503930 0.517606 0.467913 0.491191 0.460369 0.491632 0.503767 0.478166 0.533874 0.457133 0.504567 0.561419 0.485869 0.522432 0.533323 0.466813 0.485748 0.526129 0.553001 0.458796 0.560161 0.549358 0.446522 0.456999 0.522711 0.507472 0.483713 0.484606 0.563758 0.472061 0.513490 0.451087 0.483453 0.541384 0.477888 0.442641 0.486531 0.468768 0.518760 0.452143 0.510227 0.536826 0.510898 0.543517 0.513711 0.467823 0.448859 0.470650 0.508654 0.464000 0.503233 0.494959 0.501269 0.484552 0.530380 0.492594 0.542448 0.513115 0.477933 0.496016 0.520211 0.463242 0.540256 0.546804 0.435149 0.466693 0.467744 0.505057 0.544802 0.517292 0.514807 0.495899 0.490961 0.465707 0.517190 0.443380 0.541507 0.507556 0.534005 0.577605 0.464050 0.572632 0.545431 0.538782 0.504100 0.535686 0.518316 0.524965 0.446508 0.460942 0.506118 0.554283 0.468469 0.482713 0.526909 0.471781 0.471661 0.552043 0.471097 0.507288 0.509388 0.512848 0.452097 0.489590 0.528380 0.482815 0.558472 0.511457 0.511638 0.538386 0.559177 0.495043 0.549513 0.536612 0.493270 0.436679 0.513685 0.543774 0.504911 0.457610 0.527941 0.544616 0.540792 0.472464 0.487270 0.495844 0.486119 0.530531 0.550950 0.520800 0.514770 0.543284 0.503090 0.546880 0.485523 0.535643 0.516188 0.514032 0.453558 0.456338 0.551253 0.525997 0.473847 0.453163 0.501747 0.494508 0.494630 0.482491 0.524630 0.518162 0.535018 0.525098 0.550104 0.518045 0.538518 0.537128 0.499843 0.568374 0.443116 0.535335 0.545614 0.505189 0.545834 0.501404 0.536134 0.493339 0.558631 0.548949 0.482992 0.458962 0.500605 0.452676 0.546055 0.475478 0.524371 0.521023 0.502933 0.515681 0.483183 0.523528 0.453761 0.492246 0.485482 0.461003 0.512110 0.513308 0.520954 0.515821 0.482519 0.498991 0.507985 0.459946 0.494595 0.533367 0.475230 0.528700 0.476873 0.520496 0.513289 0.520997 0.524222 0.466220 0.546735 0.443176 0.460930 0.468861 0.510894 0.502026 0.517610 0.460445 0.533117 0.470794 0.511169 0.566735 0.436287 0.542621 0.509605 0.535038 0.463383 0.463681 0.460390 0.440819 0.535540 0.455501 0.465637 0.503173 0.549450 0.482733 0.555004 0.454305 0.511636 0.509539 0.513599 0.451029 0.480069 0.568930 0.457649 0.508766 0.497097 0.468967 0.558179 0.493010 0.458095 0.489501 0.532020 0.527407 0.509230 0.561732 0.476660 

20462
1496.000000
0.548714 0.526838 0.469110 0.487562 0.546544 0.516736 0.493046 0.547193 0.573935 0.536804 0.455763 0.452453 0.572526 0.504292 0.434187 0.420357 0.476706 0.453993 0.552250 0.502445 0.510310 0.457545 0.471729 0.461057 0.493506 0.541509 0.522158 0.499839 0.462006 0.499450 0.522738 0.501890 0.534669 0.463623 0.443742 0.479287 0.538187 0.520285 0.448918 0.538390 0.513453 0.445251 0.494515 0.447047 0.535225 0.432476 0.526630 0.554700 0.481653 0.551005 0.432710 0.519787 0.517067 0.424036 0.532255 0.570062 0.501912 0.546322 0.501288 0.535976 0.524990 0.491216 0.537892 0.511542 0.454033 0.507020 0.465044 0.510933 0.466698 0.537311 0.509851 0.522079 0.455485 0.475246 0.554280 0.484271 0.451648 0.563955 0.510291 0.532269 0.451468 0.491592 0.567689 0.550752 0.455150 0.497317 0.480640 0.566561 0.559876 0.499796 0.444349 0.515540 0.512463 0.491489 0.512932 0.493715 0.498290 0.482151 0.511341 0.457054 0.466737 0.500924 0.511995 0.508399 0.526065 0.557995 0.503958 0.419021 0.482637 0.509459 0.490975 0.517358 0.516419 0.478500 0.455396 0.544533 0.491433 0.490638 0.527989 0.503177 0.551595 0.495431 0.506437 0.519288 0.477169 0.544805 0.549670 0.521364 0.502002 0.532698 0.500704 0.470603 0.511235 0.517751 0.482568 0.491409 0.549298 0.521986 0.480499 0.494694 0.495008 0.532811 0.504519 0.482006 0.414207 0.468638 0.479541 0.455008 0.570933 0.471877 0.500947 0.506728 0.521839 0.451888 0.503343 0.458597 0.511190 0.484787 0.502479 0.524725 0.485357 0.532367 0.429766 0.581323 0.453016 0.523203 0.508097 0.445495 0.517167 0.542298 0.515592 0.498745 0.476218 0.528345 0.541278 0.471032 0.553984 0.508300 0.541774 0.524827 0.517829 0.536889 0.546324 0.501597 0.509128 0.452264 0.486760 0.521331 0.543867 0.494559 0.524653 0.452117 0.446205 0.539037 0.467731 0.515798 0.523471 0.547228 0.494677 0.446153 0.467922 0.560357 0.477182 0.478142 0.555121 0.464466 0.486021 0.514879 0.473559 0.481373 0.500950 0.489675 0.540063 0.496851 0.489103 0.529415 0.452597 0.537143 0.572822 0.540557 0.461729 0.486917 0.536881 0.446180 0.436327 0.511499 0.530303 0.450373 0.480753 0.463625 0.528141 0.479359 0.560457 0.520466 0.528339 0.504672 0.471077 0.461784 0.497318 0.534495 0.530053 0.491122 0.447244 0.448720 0.506449 0.551132 0.576458 0.540069 0.442587 0.439393 0.491872 0.472628 0.520351 0.455983 0.470091 0.476056 

21380
1276.000000
0.519241 0.483361 0.479118 0.497161 0.525485 0.482662 0.492923 0.467807 0.495116 0.485432 0.541997 0.537115 0.559321 0.544936 0.452842 0.477822 0.472715 0.451741 0.537921 0.518623 0.461146 0.440941 0.472472 0.495516 0.476272 0.539505 0.565230 0.467506 0.508800 0.451839 0.431742 0.464785 0.467416 0.545797 0.432984 0.491165 0.565564 0.500368 0.592111 0.540304 0.509471 0.473904 0.486967 0.547560 0.463428 0.537484 0.462956 0.506445 0.499601 0.464080 0.546852 0.508555 0.523720 0.435963 0.499501 0.525946 0.481046 0.540242 0.453021 0.470877 0.527945 0.527074 0.466555 0.540075 0.476500 0.482567 0.477617 0.456322 0.530637 0.534241 0.500481 0.522761 0.511342 0.507501 0.518888 0.480036 0.476033 0.450755 0.478774 0.528463 0.543236 0.481512 0.570390 0.476053 0.499294 0.524634 0.499843 0.508401 0.446605 0.541311 0.488475 0.537091 0.476397 0.548067 0.516184 0.571640 0.464368 0.516689 0.445288 0.467144 0.511690 0.520179 0.478625 0.534654 0.521315 0.462524 0.523048 0.527611 0.445337 0.472548 0.509743 0.501305 0.524249 0.454102 0.529934 0.487879 0.459784 0.452646 0.574474 0.496573 0.508959 0.522051 0.455857 0.507834 0.493320 0.510915 0.518313 0.502630 0.545161 0.474879 0.427324 0.540715 0.468836 0.474014 0.489130 0.537975 0.547644 0.517926 0.554368 0.530396 0.476932 0.465423 0.457074 0.550260 0.428651 0.503134 0.452237 0.565250 0.472298 0.498328 0.425203 0.466009 0.437370 0.437848 0.476683 0.540185 0.435673 0.474175 0.508897 0.483709 0.468716 0.565711 0.446092 0.471745 0.470442 0.541564 0.518453 0.514441 0.567936 0.507185 0.546524 0.544279 0.531549 0.576294 0.494844 0.449453 0.534266 0.484539 0.467518 0.447718 0.506432 0.489681 0.481034 0.456102 0.451428 0.505196 0.527540 0.525585 0.458196 0.443251 0.541120 0.461237 0.497247 0.497519 0.493592 0.535085 0.456302 0.494003 0.542651 0.520155 0.463369 0.503726 0.440574 0.538438 0.482202 0.454778 0.499732 0.511204 0.512496 0.532336 0.466515 0.548947 0.457305 0.449337 0.495961 0.456290 0.485961 0.529076 0.494958 0.468346 0.491657 0.544544 0.536162 0.476355 0.426942 0.555914 0.519722 0.530585 0.543649 0.485968 0.498233 0.471134 0.490068 0.529361 0.487791 0.497554 0.455163 0.547336 0.473734 0.538954 0.569213 0.468431 0.556737 0.540129 0.593098 0.539856 0.452052 0.503547 0.558152 0.510104 0.486013 0.561155 0.495536 0.514442 0.555679 0.529987 

22123
2020.000000
0.477957 0.547003 0.459316 0.503718 0.483596 0.536610 0.507815 0.505371 0.478770 0.518968 0.520249 0.544577 0.510706 0.532741 0.450142 0.541372 0.507112 0.503972 0.522832 0.514172 0.490771 0.458085 0.482027 0.498970 0.484196 0.453583 0.469710 0.510219 0.539759 0.532045 0.486877 0.518212 0.527765 0.464402 0.446458 0.517763 0.519889 0.518585 0.501187 0.456301 0.500791 0.544042 0.504328 0.448198 0.457743 0.513931 0.450399 0.521573 0.509950 0.485256 0.523749 0.546819 0.454844 0.509262 0.451190 0.479912 0.539222 0.526565 0.519460 0.534769 0.552807 0.509011 0.443560 0.469817 0.525004 0.467135 0.455509 0.448687 0.476563 0.460566 0.475948 0.495977 0.444028 0.496339 0.560235 0.477222 0.538119 0.464067 0.548648 0.551131 0.551983 0.491498 0.532844 0.520345 0.491375 0.532163 0.457040 0.551249 0.538651 0.457375 0.529526 0.537822 0.548949 0.462774 0.504344 0.504012 0.491084 0.425568 0.515157 0.519255 0.503969 0.507939 0.512732 0.549215 0.486290 0.548270 0.520527 0.532721 0.488585 0.465260 0.483543 0.490212 0.461744 0.496200 0.499714 0.528764 0.535629 0.544976 0.455694 0.499929 0.473306 0.547392 0.518885 0.471018 0.480920 0.546332 0.466551 0.462086 0.470170 0.496794 0.480934 0.519178 0.465611 0.576939 0.552220 0.452001 0.488230 0.536682 0.516797 0.508552 0.495962 0.507248 0.465586 0.437627 0.508693 0.507750 0.455392 0.519462 0.497813 0.464732 0.461887 0.512904 0.469938 0.516175 0.571105 0.501385 0.464022 0.484962 0.522837 0.480193 0.512235 0.450970 0.440015 0.467932 0.475175 0.478557 0.445986 0.573616 0.469814 0.528633 0.492861 0.483057 0.545316 0.513872 0.447406 0.567498 0.446172 0.493538 0.469380 0.498956 0.554358 0.542885 0.478128 0.515024 0.456427 0.465122 0.503870 0.451079 0.530658 0.532327 0.541586 0.561227 0.452893 0.458267 0.466287 0.509775 0.568562 0.445728 0.542402 0.528476 0.540227 0.536640 0.497186 0.514973 0.538010 0.533011 0.505600 0.555407 0.506559 0.489370 0.495599 0.447612 0.487585 0.458137 0.494046 0.529347 0.509131 0.542060 0.487545 0.475460 0.481989 0.466250 0.501420 0.503017 0.446914 0.461141 0.523743 0.476088 0.528738 0.438563 0.487816 0.532185 0.539652 0.453148 0.448141 0.522765 0.508399 0.470143 0.481143 0.482645 0.531801 0.547231 0.501779 0.531845 0.465304 0.457100 0.568343 0.523719 0.477436 0.521617 0.480117 0.495908 0.481757 0.523675 0.544697 0.498689 

22599
1056.000000
0.440353 0.460103 0.541316 0.534733 0.454764 0.460638 0.446826 0.467384 0.502135 0.452133 0.531829 0.475213 0.454760 0.493793 0.550206 0.555396 0.453649 0.543801 0.530140 0.483338 0.430743 0.479811 0.557456 0.466607 0.528925 0.547917 0.558348 0.486969 0.437209 0.479029 0.500205 0.436881 0.527094 0.524468 0.441941 0.473085 0.458271 0.437481 0.496585 0.518257 0.487727 0.498780 0.552024 0.502150 0.555469 0.538014 0.495976 0.491637 0.458139 0.517989 0.431081 0.493632 0.517389 0.526920 0.504288 0.447654 0.540022 0.452377 0.471068 0.480437 0.505371 0.558230 0.460776 0.505078 0.505545 0.561337 0.450742 0.526098 0.452095 0.522038 0.466135 0.516120 0.582455 0.499546 0.490050 0.490713 0.562731 0.476707 0.536485 0.537225 0.497890 0.572916 0.563562 0.563471 0.517569 0.447777 0.476752 0.522265 0.527522 0.498575 0.440226 0.504936 0.449632 0.463499 0.514748 0.562718 0.504608 0.403699 0.506604 0.450223 0.547405 0.462047 0.448350 0.516738 0.459139 0.447228 0.447694 0.492336 0.504222 0.524624 0.498045 0.552988 0.482152 0.490644 0.445925 0.519480 0.521740 0.457881 0.458942 0.482916 0.500814 0.559855 0.537955 0.526177 0.551448 0.520816 0.455099 0.512082 0.505669 0.459086 0.534969 0.510782 0.517002 0.503322 0.496170 0.524294 0.522019 0.443639 0.511447 0.499796 0.551986 0.439336 0.479954 0.462462 0.529991 0.455489 0.492340 0.538494 0.526489 0.472397 0.559416 0.555909 0.564973 0.499094 0.495002 0.496530 0.508203 0.533528 0.546944 0.482214 0.450403 0.497596 0.535708 0.456578 0.500855 0.425062 0.550744 0.485672 0.472555 0.428470 0.462440 0.535259 0.546293 0.489336 0.443999 0.527704 0.441073 0.479412 0.465080 0.528011 0.491695 0.536412 0.475143 0.512656 0.493494 0.453493 0.523169 0.549640 0.435592 0.546934 0.514590 0.529480 0.481743 0.512951 0.431985 0.556177 0.525673 0.569606 0.418450 0.477081 0.489480 0.468886 0.507810 0.555665 0.485063 0.486665 0.558346 0.584458 0.520275 0.551955 0.535334 0.490640 0.483504 0.591487 0.468351 0.482790 0.520377 0.568360 0.555974 0.500121 0.541987 0.525837 0.479950 0.546588 0.542454 0.569462 0.478442 0.563290 0.544954 0.542749 0.513668 0.510117 0.540104 0.478202 0.507917 0.461462 0.508187 0.545968 0.483307 0.540740 0.522187 0.492010 0.484774 0.505184 0.511074 0.507476 0.557983 0.564732 0.533360 0.479105 0.453903 0.530839 0.502272 0.482052 0.483923 0.523996 

29620
1565.000000
0.496856 0.471266 0.519731 0.463990 0.474908 0.491617 0.443412 0.440688 0.491859 0.464611 0.514961 0.465204 0.451337 0.449535 0.504903 0.447967 0.559489 0.489147 0.457455 0.539995 0.500611 0.503077 0.421921 0.494656 0.504131 0.466050 0.535075 0.463730 0.510873 0.508243 0.527430 0.434423 0.464211 0.511660 0.512747 0.474303 0.508412 0.524427 0.451499 0.483824 0.490440 0.473045 0.452523 0.504040 0.543160 0.524751 0.505689 0.495603 0.494965 0.519060 0.485351 0.522572 0.487712 0.509604 0.546037 0.474823 0.549448 0.452279 0.450777 0.535662 0.569731 0.464842 0.496951 0.503952 0.560004 0.505551 0.562909 0.478925 0.563970 0.492289 0.506486 0.498829 0.456143 0.474331 0.509872 0.440654 0.505314 0.505599 0.500148 0.503738 0.530927 0.484104 0.512513 0.447958 0.485861 0.451386 0.519839 0.485633 0.516819 0.448151 0.549574 0.478697 0.527871 0.518212 0.498966 0.535723 0.486625 0.482852 0.434949 0.548231 0.544593 0.480688 0.500226 0.528426 0.509824 0.469397 0.438037 0.438867 0.469169 0.514406 0.512769 0.497728 0.542062 0.461873 0.529108 0.490165 0.569228 0.497167 0.516671 0.484726 0.477037 0.448639 0.455323 0.507862 0.529868 0.566163 0.549552 0.541475 0.430818 0.479403 0.454075 0.529896 0.556442 0.459941 0.562235 0.453224 0.494212 0.439552 0.448602 0.446739 0.560065 0.437589 0.469034 0.492847 0.418762 0.506906 0.545622 0.481630 0.502211 0.464413 0.462493 0.504797 0.490901 0.486780 0.514746 0.479211 0.504825 0.456756 0.467681 0.543865 0.555790 0.509883 0.511413 0.442449 0.542421 0.483271 0.510611 0.458921 0.544879 0.516782 0.471732 0.555453 0.462329 0.481461 0.497583 0.448903 0.446521 0.497056 0.499601 0.514968 0.523578 0.563931 0.479690 0.436123 0.468468 0.538313 0.467344 0.523866 0.489969 0.500418 0.551758 0.535102 0.488414 0.470133 0.423610 0.500337 0.495565 0.538754 0.436404 0.448936 0.498547 0.554760 0.442517 0.436714 0.518154 0.546512 0.526868 0.501657 0.481851 0.507480 0.522478 0.533569 0.471614 0.496916 0.493188 0.456910 0.451108 0.516009 0.543154 0.509632 0.500428 0.469095 0.477330 0.545768 0.519415 0.525071 0.506293 0.560539 0.487690 0.496332 0.543726 0.474968 0.443213 0.523888 0.508637 0.470503 0.521692 0.500374 0.544072 0.454113 0.539753 0.522162 0.517541 0.419969 0.481207 0.452980 0.524474 0.458095 0.535845 0.438985 0.482627 0.556688 0.436215 0.495501 0.489151 0.521926 

30554
2902.000000
0.543459 0.554223 0.518324 0.469704 0.509341 0.557655 0.483844 0.551375 0.449570 0.479475 0.459170 0.511447 0.472717 0.510098 0.455142 0.524852 0.453967 0.463103 0.473501 0.488876 0.461847 0.513352 0.521310 0.492311 0.503363 0.457957 0.519498 0.534945 0.470436 0.494643 0.543636 0.440564 0.538656 0.515981 0.520738 0.485628 0.488321 0.507450 0.492087 0.507210 0.478244 0.533099 0.514641 0.530766 0.539376 0.452550 0.508634 0.521685 0.482957 0.512021 0.443228 0.483274 0.503380 0.526369 0.466544 0.497814 0.491642 0.513319 0.470651 0.537327 0.466594 0.558351 0.535866 0.502086 0.486655 0.482269 0.480097 0.443299 0.491597 0.502560 0.477161 0.488373 0.491746 0.488174 0.456503 0.482711 0.519237 0.515007 0.497047 0.537091 0.483071 0.534563 0.449038 0.556277 0.563541 0.486447 0.518544 0.456160 0.514501 0.527236 0.434603 0.524387 0.527167 0.523293 0.436220 0.491118 0.480076 0.535598 0.488900 0.516588 0.532300 0.530667 0.545370 0.522459 0.521299 0.505798 0.511436 0.517968 0.491460 0.495168 0.544938 0.473506 0.511262 0.547335 0.525359 0.522196 0.544973 0.497171 0.516899 0.505992 0.504080 0.511426 0.492292 0.493993 0.473684 0.546866 0.471883 0.465495 0.503812 0.451016 0.502680 0.506648 0.448479 0.511768 0.472425 0.493798 0.504067 0.527089 0.470737 0.453723 0.471402 0.499662 0.451231 0.476306 0.516251 0.462371 0.503653 0.454824 0.526462 0.533407 0.469252 0.510838 0.464879 0.503024 0.488743 0.520482 0.502754 0.523688 0.508836 0.564368 0.509625 0.545303 0.485775 0.514980 0.473801 0.549141 0.453346 0.494698 0.534815 0.472785 0.501927 0.498026 0.532893 0.453200 0.452496 0.509701 0.505708 0.481789 0.487637 0.444007 0.457053 0.468510 0.477298 0.497392 0.540260 0.532026 0.546943 0.535100 0.505773 0.525834 0.544919 0.494156 0.503199 0.493971 0.523623 0.487801 0.486409 0.461560 0.436376 0.543316 0.519689 0.510154 0.531230 0.498711 0.489668 0.488439 0.551506 0.474907 0.518979 0.501431 0.480913 0.541777 0.487485 0.569330 0.542253 0.550166 0.501185 0.490465 0.463903 0.565016 0.458002 0.546052 0.434460 0.481112 0.497892 0.526492 0.546990 0.489055 0.510396 0.499080 0.515694 0.510635 0.474363 0.510567 0.480150 0.484618 0.452701 0.453208 0.507597 0.450172 0.456695 0.506601 0.520271 0.487597 0.471727 0.481362 0.502032 0.528486 0.460479 0.542550 0.519917 0.504642 0.442127 0.471922 0.478861 0.559589 

30831
1051.000000
0.506760 0.516358 0.562170 0.488574 0.499868 0.532467 0.499174 0.562123 0.476063 0.530381 0.419992 0.483733 0.556368 0.475603 0.575198 0.544787 0.567264 0.429729 0.444405 0.462171 0.491786 0.456565 0.552353 0.472031 0.529913 0.488072 0.530850 0.505771 0.464711 0.423934 0.523014 0.505040 0.474363 0.527493 0.458085 0.555247 0.526024 0.465037 0.519929 0.483569 0.487678 0.504517 0.519064 0.495434 0.531776 0.481463 0.543462 0.433559 0.500582 0.428133 0.539020 0.558448 0.478278 0.471170 0.446678 0.576540 0.535570 0.473001 0.501732 0.561661 0.504198 0.561335 0.526189 0.469347 0.539202 0.523837 0.456608 0.457737 0.559567 0.505765 0.535542 0.441240 0.576729 0.456875 0.552655 0.519413 0.467716 0.548081 0.551795 0.444969 0.514037 0.439611 0.523196 0.505351 0.480694 0.523206 0.588005 0.506546 0.519777 0.491594 0.486331 0.430618 0.452509 0.519927 0.530077 0.527031 0.473485 0.489354 0.501349 0.522974 0.553388 0.547175 0.511206 0.566814 0.495398 0.497689 0.482306 0.458104 0.527208 0.538566 0.533828 0.465255 0.446646 0.563983 0.558069 0.482802 0.461404 0.519049 0.437666 0.524938 0.547639 0.529919 0.523429 0.462050 0.563811 0.452515 0.436812 0.498762 0.456837 0.434605 0.468731 0.505249 0.486986 0.494300 0.512422 0.546982 0.493946 0.467650 0.496706 0.546544 0.542508 0.523428 0.531835 0.539796 0.516708 0.519054 0.536763 0.479299 0.504916 0.516125 0.504792 0.466857 0.476399 0.506357 0.550203 0.543776 0.543001 0.496092 0.526789 0.463235 0.513622 0.535755 0.524641 0.449486 0.500554 0.527646 0.525491 0.575177 0.457105 0.523425 0.469502 0.548804 0.545820 0.455711 0.547487 0.550774 0.457941 0.477218 0.488015 0.498343 0.525877 0.493482 0.500641 0.430483 0.518482 0.462607 0.523997 0.457692 0.513247 0.483802 0.550401 0.433343 0.475265 0.451240 0.539705 0.517110 0.561160 0.506384 0.427929 0.460182 0.468323 0.492081 0.496561 0.473995 0.536068 0.558584 0.472010 0.535432 0.509584 0.517180 0.486336 0.523616 0.541248 0.562109 0.501750 0.561683 0.481406 0.457703 0.542406 0.465521 0.501943 0.461422 0.498385 0.551882 0.449965 0.544476 0.547485 0.507642 0.525409 0.443800 0.491754 0.540070 0.454070 0.535308 0.480785 0.556390 0.505030 0.483918 0.552898 0.548335 0.566374 0.496197 0.509711 0.507903 0.449130 0.467997 0.550620 0.500051 0.574685 0.450946 0.498809 0.561862 0.475018 0.576864 0.549769 0.548435 

